_target_: vr_env.camera.static_camera.StaticCamera
name: tabletop_corner
fov: 45
aspect: 1
nearval: 0.01
farval: 2
width: 200
height: 200
look_at: [0.2, 0.8, 0.46438753604888916]
look_from: [-0.10, -0.15, 1.5656936606290373]