_target_: vr_env.camera.static_camera.StaticCamera
name: tidy_up_test
fov: 75
aspect: 1
nearval: 0.01
farval: 2
width: 760
height: 760
look_at: [0.2773292660713196, 0.7766451239585876, 0.20271989703178406]
look_from: [-0.21922546214082672, 0.22516583397073475, 1.1457490759304818]
